0   10    11   1
1   10    4   76
2   10    2   1
3   10    2   14
4   10    22   14
5   10    2   76
6   10    2   76
7   10    3   76
8   10    7   93
9   10    2   76
10   10    4   93
11   10    4   14
12   10    3   93
13   10    13   76
14   10    4   1
15   10    32   1
16   10    4   76
17   10    15   93
18   10    7   1
19   10    24   1
20   10    3   1
21   10    2   1
22   10    4   14
23   10    3   76
24   10    16   14
25   10    6   14
26   10    2   76
27   10    15   1
28   10    6   14
29   10    23   93
30   10    2   93
31   10    11   93
32   10    4   1
33   10    3   76
34   10    4   93
35   10    6   76
36   10    20   93
37   10    4   1
38   10    8   1
39   10    6   1
40   10    2   1
41   10    2   1
42   10    3   93
43   10    3   1
44   10    8   14
45   10    6   14
46   10    2   76
47   10    12   93
48   10    2   1
49   10    6   1
0   10    6   58
1   10    2   59
2   10    2   70
3   10    2   70
4   10    2   58
5   10    10   70
6   10    11   70
7   10    2   72
8   10    3   72
9   10    11   72
10   10    4   70
11   10    2   72
12   10    2   59
13   10    2   82
14   10    10   82
15   10    2   72
16   10    5   72
17   10    10   70
18   10    2   70
19   10    3   72
20   10    7   82
21   10    4   58
22   10    5   58
23   10    3   70
24   10    6   82
25   10    6   58
26   10    5   82
27   10    2   59
28   10    8   70
29   10    8   70
30   10    3   72
31   10    9   72
32   10    11   82
33   10    8   82
34   10    12   82
35   10    7   82
36   10    10   70
37   10    4   82
38   10    4   72
39   10    2   82
40   10    5   82
41   10    9   70
42   10    6   82
43   10    3   59
44   10    7   70
45   10    2   82
46   10    3   58
47   10    6   72
48   10    2   59
49   10    12   82
0   10    2   7
1   10    7   96
2   10    8   50
3   10    2   50
4   10    3   22
5   10    8   50
6   10    2   50
7   10    14   92
8   10    2   50
9   10    2   22
10   10    2   22
11   10    17   92
12   10    7   7
13   10    2   7
14   10    4   7
15   10    2   22
16   10    2   50
17   10    2   22
18   10    2   7
19   10    2   92
20   10    3   96
21   10    6   22
22   10    2   50
23   10    2   50
24   10    3   7
25   10    2   96
26   10    3   22
27   10    3   92
28   10    2   92
29   10    2   7
30   10    5   50
31   10    2   50
32   10    2   22
33   10    2   22
34   10    5   50
35   10    2   96
36   10    7   22
37   10    5   92
38   10    2   7
39   10    21   92
40   10    2   50
41   10    2   92
42   10    2   50
43   10    3   50
44   10    14   96
45   10    3   22
46   10    4   22
47   10    2   22
48   10    4   7
49   10    12   50
0   10    6   76
1   10    3   76
2   10    2   85
3   10    10   85
4   10    12   22
5   10    2   93
6   10    2   93
7   10    5   76
8   10    8   22
9   10    2   61
10   10    3   85
11   10    4   61
12   10    4   76
13   10    2   22
14   10    5   93
15   10    18   85
16   10    2   93
17   10    6   85
18   10    2   76
19   10    13   22
20   10    3   85
21   10    9   93
22   10    2   85
23   10    6   93
24   10    7   76
25   10    3   93
26   10    11   93
27   10    2   22
28   10    3   85
29   10    2   61
30   10    8   76
31   10    9   76
32   10    7   85
33   10    4   85
34   10    2   93
35   10    8   76
36   10    2   22
37   10    2   76
38   10    2   76
39   10    3   22
40   10    4   76
41   10    2   76
42   10    5   61
43   10    2   93
44   10    15   93
45   10    4   76
46   10    5   85
47   10    3   93
48   10    6   76
49   10    6   22
0   10    9   9
1   10    13   0
2   10    2   62
3   10    4   96
4   10    12   0
5   10    21   9
6   10    7   9
7   10    6   9
8   10    9   62
9   10    10   62
10   10    8   96
11   10    4   62
12   10    13   62
13   10    5   62
14   10    2   62
15   10    7   9
16   10    5   62
17   10    4   96
18   10    7   9
19   10    3   9
20   10    8   96
21   10    2   62
22   10    6   0
23   10    8   96
24   10    4   96
25   10    9   62
26   10    4   9
27   10    9   9
28   10    2   96
29   10    4   96
30   10    15   96
31   10    2   62
32   10    4   96
33   10    11   96
34   10    2   0
35   10    7   96
36   10    3   62
37   10    7   9
38   10    3   96
39   10    5   62
40   10    11   9
41   10    6   62
42   10    3   0
43   10    2   62
44   10    17   9
45   10    2   9
46   10    6   96
47   10    3   62
48   10    2   9
49   10    9   96
0   10    10   86
1   10    8   86
2   10    6   59
3   10    2   4
4   10    4   86
5   10    7   86
6   10    9   9
7   10    10   9
8   10    8   4
9   10    4   59
10   10    7   16
11   10    7   4
12   10    2   16
13   10    11   16
14   10    2   4
15   10    3   86
16   10    9   4
17   10    5   4
18   10    2   59
19   10    4   86
20   10    2   9
21   10    10   4
22   10    2   59
23   10    3   9
24   10    6   86
25   10    6   4
26   10    4   16
27   10    4   4
28   10    3   9
29   10    5   9
30   10    2   16
31   10    19   59
32   10    4   16
33   10    3   4
34   10    2   9
35   10    10   9
36   10    2   4
37   10    6   9
38   10    2   4
39   10    2   4
40   10    2   59
41   10    6   16
42   10    9   86
43   10    2   4
44   10    4   86
45   10    5   9
46   10    4   86
47   10    6   86
48   10    4   86
49   10    7   86
0   10    4   68
1   10    8   40
2   10    2   68
3   10    10   68
4   10    6   68
5   10    3   68
6   10    3   2
7   10    3   2
8   10    2   96
9   10    6   2
10   10    2   40
11   10    2   40
12   10    2   40
13   10    2   68
14   10    8   2
15   10    5   68
16   10    2   40
17   10    2   2
18   10    9   68
19   10    2   40
20   10    8   96
21   10    5   68
22   10    3   68
23   10    12   40
24   10    8   96
25   10    2   2
26   10    2   40
27   10    7   68
28   10    7   68
29   10    5   2
30   10    2   68
31   10    3   2
32   10    6   39
33   10    10   96
34   10    5   68
35   10    5   96
36   10    19   68
37   10    7   68
38   10    6   39
39   10    2   96
40   10    4   40
41   10    5   68
42   10    4   68
43   10    3   40
44   10    2   2
45   10    5   68
46   10    2   68
47   10    4   40
48   10    2   96
49   10    5   2
0   10    2   36
1   10    8   36
2   10    4   36
3   10    7   27
4   10    2   36
5   10    16   16
6   10    3   86
7   10    2   65
8   10    5   65
9   10    4   27
10   10    2   27
11   10    4   36
12   10    12   65
13   10    14   16
14   10    4   27
15   10    12   36
16   10    5   27
17   10    6   65
18   10    3   65
19   10    7   16
20   10    2   27
21   10    6   27
22   10    6   65
23   10    2   86
24   10    8   65
25   10    8   36
26   10    3   27
27   10    9   65
28   10    8   27
29   10    10   36
30   10    2   65
31   10    2   36
32   10    3   27
33   10    6   86
34   10    2   36
35   10    9   27
36   10    2   86
37   10    4   86
38   10    11   65
39   10    6   65
40   10    2   36
41   10    11   16
42   10    5   27
43   10    12   16
44   10    14   16
45   10    5   65
46   10    8   65
47   10    2   86
48   10    5   27
49   10    3   16
0   10    7   49
1   10    12   39
2   10    2   49
3   10    4   49
4   10    4   73
5   10    2   49
6   10    6   73
7   10    2   41
8   10    2   41
9   10    10   49
10   10    5   42
11   10    2   41
12   10    10   41
13   10    2   42
14   10    3   39
15   10    8   73
16   10    8   49
17   10    2   49
18   10    5   73
19   10    5   49
20   10    2   39
21   10    6   39
22   10    2   49
23   10    2   39
24   10    4   73
25   10    3   42
26   10    3   49
27   10    5   39
28   10    3   73
29   10    7   42
30   10    3   73
31   10    4   39
32   10    2   39
33   10    4   49
34   10    10   73
35   10    4   73
36   10    2   41
37   10    4   42
38   10    2   73
39   10    2   49
40   10    2   41
41   10    9   73
42   10    5   42
43   10    6   73
44   10    5   49
45   10    3   73
46   10    2   73
47   10    5   73
48   10    8   49
49   10    3   39
0   10    12   49
1   10    2   49
2   10    2   49
3   10    2   73
4   10    2   49
5   10    5   73
6   10    2   73
7   10    4   42
8   10    6   41
9   10    9   49
10   10    2   41
11   10    2   73
12   10    2   73
13   10    2   42
14   10    5   49
15   10    5   39
16   10    2   73
17   10    6   41
18   10    2   42
19   10    4   49
20   10    2   42
21   10    4   49
22   10    2   49
23   10    2   39
24   10    8   73
25   10    6   49
26   10    2   39
27   10    8   39
28   10    9   73
29   10    2   39
30   10    7   42
31   10    7   49
32   10    4   39
33   10    10   73
34   10    4   73
35   10    2   39
36   10    2   73
37   10    2   39
38   10    2   73
39   10    6   49
40   10    5   49
41   10    3   49
42   10    2   73
43   10    2   49
44   10    2   41
45   10    3   73
46   10    4   49
47   10    15   39
48   10    4   73
49   10    13   39
0   10    2   98
1   10    18   68
2   10    11   68
3   10    8   29
4   10    10   29
5   10    2   53
6   10    7   68
7   10    12   68
8   10    3   29
9   10    5   98
10   10    2   53
11   10    19   68
12   10    7   68
13   10    14   29
14   10    2   30
15   10    13   68
16   10    2   30
17   10    5   98
18   10    3   68
19   10    7   68
20   10    3   98
21   10    2   53
22   10    6   53
23   10    6   29
24   10    11   29
25   10    2   30
26   10    20   68
27   10    4   68
28   10    5   98
29   10    2   53
30   10    3   98
31   10    2   53
32   10    4   53
33   10    2   30
34   10    3   29
35   10    2   30
36   10    9   68
37   10    2   30
38   10    2   30
39   10    3   30
40   10    8   53
41   10    2   53
42   10    3   53
43   10    3   68
44   10    16   68
45   10    12   29
46   10    2   98
47   10    7   98
48   10    13   53
49   10    2   68
0   10    2   73
1   10    16   26
2   10    2   30
3   10    11   13
4   10    3   21
5   10    2   21
6   10    7   13
7   10    2   26
8   10    2   73
9   10    8   73
10   10    2   26
11   10    2   13
12   10    2   26
13   10    2   30
14   10    4   73
15   10    24   73
16   10    2   73
17   10    7   21
18   10    3   21
19   10    5   73
20   10    2   21
21   10    4   30
22   10    2   21
23   10    3   73
24   10    3   13
25   10    2   26
26   10    2   21
27   10    2   26
28   10    2   21
29   10    2   13
30   10    2   30
31   10    6   13
32   10    12   73
33   10    4   26
34   10    4   30
35   10    6   13
36   10    2   73
37   10    6   26
38   10    5   26
39   10    10   13
40   10    4   21
41   10    2   26
42   10    2   30
43   10    8   73
44   10    2   73
45   10    7   73
46   10    15   73
47   10    2   73
48   10    8   73
49   10    6   73
0   10    22   60
1   10    4   96
2   10    2   52
3   10    14   61
4   10    2   52
5   10    6   61
6   10    7   61
7   10    2   31
8   10    14   96
9   10    7   60
10   10    2   31
11   10    2   96
12   10    10   96
13   10    3   96
14   10    2   60
15   10    2   96
16   10    7   60
17   10    4   52
18   10    12   31
19   10    2   96
20   10    4   52
21   10    5   31
22   10    4   61
23   10    5   61
24   10    3   61
25   10    5   61
26   10    2   52
27   10    2   31
28   10    14   52
29   10    6   96
30   10    2   96
31   10    7   31
32   10    7   96
33   10    9   52
34   10    2   52
35   10    14   31
36   10    10   31
37   10    22   52
38   10    11   31
39   10    6   61
40   10    3   31
41   10    9   61
42   10    6   96
43   10    3   52
44   10    4   96
45   10    7   52
46   10    6   31
47   10    4   96
48   10    8   96
49   10    4   52
0   10    8   85
1   10    2   94
2   10    5   34
3   10    2   94
4   10    2   17
5   10    2   34
6   10    9   17
7   10    2   94
8   10    3   17
9   10    2   94
10   10    22   1
11   10    7   85
12   10    4   17
13   10    2   85
14   10    10   34
15   10    2   94
16   10    3   34
17   10    9   1
18   10    2   17
19   10    6   94
20   10    9   34
21   10    2   34
22   10    5   34
23   10    3   85
24   10    2   17
25   10    3   1
26   10    9   1
27   10    2   34
28   10    2   94
29   10    3   1
30   10    4   85
31   10    7   1
32   10    14   34
33   10    3   17
34   10    4   85
35   10    6   85
36   10    7   94
37   10    11   85
38   10    2   17
39   10    3   1
40   10    10   85
41   10    3   34
42   10    3   85
43   10    8   34
44   10    3   85
45   10    21   34
46   10    3   17
47   10    4   1
48   10    7   94
49   10    2   85
0   10    8   85
1   10    2   94
2   10    5   34
3   10    2   94
4   10    2   17
5   10    2   34
6   10    9   17
7   10    2   94
8   10    3   17
9   10    2   94
10   10    22   1
11   10    7   85
12   10    4   17
13   10    2   85
14   10    10   34
15   10    2   94
16   10    3   34
17   10    9   1
18   10    2   17
19   10    6   94
20   10    9   34
21   10    2   34
22   10    5   34
23   10    3   85
24   10    2   17
25   10    3   1
26   10    9   1
27   10    2   34
28   10    2   94
29   10    3   1
30   10    4   85
31   10    7   1
32   10    14   34
33   10    3   17
34   10    4   85
35   10    6   85
36   10    7   94
37   10    11   85
38   10    2   17
39   10    3   1
40   10    10   85
41   10    3   34
42   10    3   85
43   10    8   34
44   10    3   85
45   10    21   34
46   10    3   17
47   10    4   1
48   10    7   94
49   10    2   85
0   10    2   74
1   10    3   74
2   10    5   28
3   10    5   87
4   10    2   28
5   10    8   77
6   10    2   28
7   10    2   77
8   10    2   28
9   10    13   87
10   10    2   77
11   10    9   87
12   10    3   77
13   10    3   77
14   10    7   87
15   10    7   28
16   10    2   87
17   10    9   28
18   10    10   28
19   10    8   77
20   10    3   74
21   10    6   87
22   10    2   28
23   10    8   28
24   10    6   74
25   10    2   94
26   10    8   87
27   10    3   87
28   10    2   94
29   10    4   77
30   10    15   87
31   10    2   87
32   10    8   87
33   10    4   28
34   10    2   94
35   10    2   28
36   10    3   28
37   10    6   94
38   10    8   87
39   10    15   28
40   10    3   77
41   10    9   87
42   10    12   87
43   10    8   94
44   10    14   28
45   10    2   74
46   10    3   28
47   10    5   94
48   10    4   74
49   10    4   77
0   10    2   54
1   10    2   58
2   10    2   58
3   10    2   58
4   10    2   64
5   10    6   64
6   10    2   58
7   10    2   64
8   10    14   7
9   10    7   64
10   10    4   64
11   10    3   7
12   10    3   54
13   10    11   7
14   10    2   7
15   10    5   54
16   10    2   58
17   10    7   64
18   10    3   7
19   10    7   64
20   10    8   13
21   10    2   58
22   10    14   64
23   10    2   58
24   10    2   64
25   10    2   7
26   10    7   64
27   10    7   13
28   10    2   13
29   10    2   58
30   10    2   13
31   10    2   54
32   10    5   64
33   10    2   64
34   10    5   64
35   10    4   7
36   10    2   13
37   10    5   13
38   10    4   13
39   10    4   64
40   10    9   54
41   10    2   64
42   10    3   54
43   10    3   54
44   10    5   54
45   10    7   7
46   10    7   7
47   10    4   7
48   10    7   7
49   10    2   54
0   10    6   77
1   10    2   49
2   10    6   47
3   10    3   47
4   10    2   77
5   10    2   62
6   10    3   47
7   10    3   49
8   10    8   47
9   10    4   62
10   10    5   77
11   10    2   50
12   10    4   50
13   10    8   77
14   10    5   62
15   10    2   62
16   10    8   62
17   10    7   47
18   10    8   62
19   10    2   49
20   10    4   77
21   10    2   77
22   10    3   62
23   10    9   77
24   10    2   77
25   10    4   62
26   10    2   62
27   10    4   62
28   10    3   49
29   10    2   77
30   10    2   77
31   10    2   77
32   10    3   50
33   10    3   50
34   10    5   47
35   10    3   50
36   10    5   47
37   10    5   77
38   10    2   62
39   10    2   47
40   10    2   62
41   10    3   62
42   10    6   49
43   10    17   77
44   10    2   49
45   10    4   77
46   10    6   47
47   10    4   62
48   10    10   77
49   10    2   77
0   10    5   89
1   10    8   69
2   10    26   89
3   10    20   69
4   10    13   28
5   10    3   89
6   10    9   28
7   10    2   28
8   10    13   69
9   10    34   89
10   10    4   69
11   10    3   87
12   10    17   89
13   10    5   3
14   10    9   69
15   10    2   28
16   10    6   89
17   10    3   87
18   10    3   3
19   10    17   28
20   10    8   69
21   10    15   3
22   10    7   28
23   10    2   87
24   10    5   3
25   10    4   28
26   10    19   69
27   10    3   87
28   10    13   69
29   10    2   3
30   10    27   89
31   10    6   28
32   10    2   3
33   10    4   28
34   10    7   89
35   10    4   69
36   10    5   3
37   10    29   28
38   10    2   28
39   10    5   28
40   10    11   87
41   10    7   89
42   10    2   87
43   10    6   3
44   10    2   28
45   10    19   89
46   10    3   3
47   10    2   87
48   10    5   3
49   10    2   69
0   10    3   5
1   10    4   78
2   10    2   78
3   10    17   80
4   10    2   5
5   10    5   5
6   10    5   80
7   10    2   5
8   10    3   14
9   10    3   80
10   10    9   5
11   10    2   14
12   10    2   31
13   10    2   80
14   10    11   31
15   10    9   80
16   10    2   31
17   10    7   80
18   10    4   5
19   10    2   31
20   10    2   5
21   10    2   78
22   10    21   31
23   10    17   31
24   10    2   31
25   10    17   78
26   10    4   80
27   10    4   14
28   10    3   78
29   10    3   78
30   10    2   5
31   10    7   5
32   10    4   31
33   10    7   80
34   10    3   80
35   10    4   31
36   10    4   5
37   10    3   78
38   10    3   31
39   10    7   5
40   10    11   31
41   10    9   5
42   10    2   5
43   10    5   5
44   10    5   5
45   10    2   78
46   10    8   80
47   10    6   14
48   10    2   31
49   10    4   78
0   10    3   5
1   10    4   78
2   10    2   78
3   10    17   80
4   10    2   5
5   10    5   5
6   10    5   80
7   10    2   5
8   10    3   14
9   10    3   80
10   10    9   5
11   10    2   14
12   10    2   31
13   10    2   80
14   10    11   31
15   10    9   80
16   10    2   31
17   10    7   80
18   10    4   5
19   10    2   31
20   10    2   5
21   10    2   78
22   10    21   31
23   10    17   31
24   10    2   31
25   10    17   78
26   10    4   80
27   10    4   14
28   10    3   78
29   10    3   78
30   10    2   5
31   10    7   5
32   10    4   31
33   10    7   80
34   10    3   80
35   10    4   31
36   10    4   5
37   10    3   78
38   10    3   31
39   10    7   5
40   10    11   31
41   10    9   5
42   10    2   5
43   10    5   5
44   10    5   5
45   10    2   78
46   10    8   80
47   10    6   14
48   10    2   31
49   10    4   78
0   10    4   65
1   10    5   56
2   10    6   65
3   10    6   65
4   10    3   56
5   10    4   32
6   10    6   65
7   10    10   65
8   10    16   65
9   10    4   68
10   10    4   65
11   10    4   65
12   10    2   71
13   10    3   56
14   10    2   56
15   10    2   56
16   10    3   32
17   10    5   56
18   10    5   65
19   10    3   68
20   10    5   68
21   10    7   56
22   10    6   65
23   10    2   56
24   10    8   65
25   10    2   71
26   10    8   71
27   10    2   65
28   10    11   68
29   10    2   68
30   10    3   56
31   10    4   65
32   10    3   71
33   10    12   65
34   10    2   56
35   10    6   68
36   10    2   71
37   10    5   65
38   10    2   71
39   10    3   68
40   10    6   65
41   10    2   71
42   10    2   68
43   10    2   65
44   10    2   32
45   10    2   68
46   10    3   56
47   10    8   65
48   10    3   71
49   10    11   65
0   10    9   80
1   10    28   52
2   10    2   73
3   10    9   80
4   10    3   77
5   10    2   73
6   10    9   52
7   10    8   80
8   10    18   52
9   10    2   77
10   10    4   77
11   10    10   52
12   10    2   52
13   10    2   73
14   10    3   77
15   10    3   77
16   10    5   80
17   10    7   80
18   10    4   80
19   10    11   80
20   10    2   73
21   10    12   52
22   10    6   73
23   10    21   52
24   10    15   80
25   10    4   77
26   10    2   77
27   10    10   77
28   10    4   80
29   10    15   73
30   10    14   52
31   10    13   52
32   10    2   52
33   10    6   80
34   10    4   73
35   10    4   52
36   10    3   73
37   10    4   77
38   10    6   52
39   10    4   77
40   10    2   73
41   10    9   52
42   10    4   52
43   10    8   73
44   10    5   80
45   10    3   77
46   10    5   80
47   10    22   52
48   10    10   73
49   10    10   80
0   10    8   39
1   10    33   92
2   10    6   5
3   10    6   5
4   10    7   5
5   10    9   39
6   10    4   92
7   10    13   5
8   10    3   92
9   10    2   95
10   10    2   5
11   10    7   39
12   10    2   5
13   10    10   5
14   10    11   5
15   10    4   92
16   10    2   5
17   10    8   95
18   10    22   92
19   10    4   5
20   10    3   39
21   10    4   95
22   10    2   39
23   10    3   92
24   10    2   5
25   10    2   39
26   10    17   95
27   10    2   39
28   10    8   92
29   10    3   92
30   10    14   92
31   10    7   39
32   10    7   92
33   10    8   5
34   10    5   95
35   10    5   5
36   10    2   5
37   10    25   92
38   10    5   5
39   10    15   5
40   10    3   39
41   10    11   95
42   10    6   95
43   10    2   5
44   10    6   95
45   10    10   5
46   10    15   39
47   10    6   92
48   10    4   92
49   10    8   5
0   10    8   39
1   10    33   92
2   10    6   5
3   10    6   5
4   10    7   5
5   10    9   39
6   10    4   92
7   10    13   5
8   10    3   92
9   10    2   95
10   10    2   5
11   10    7   39
12   10    2   5
13   10    10   5
14   10    11   5
15   10    4   92
16   10    2   5
17   10    8   95
18   10    22   92
19   10    4   5
20   10    3   39
21   10    4   95
22   10    2   39
23   10    3   92
24   10    2   5
25   10    2   39
26   10    17   95
27   10    2   39
28   10    8   92
29   10    3   92
30   10    14   92
31   10    7   39
32   10    7   92
33   10    8   5
34   10    5   95
35   10    5   5
36   10    2   5
37   10    25   92
38   10    5   5
39   10    15   5
40   10    3   39
41   10    11   95
42   10    6   95
43   10    2   5
44   10    6   95
45   10    10   5
46   10    15   39
47   10    6   92
48   10    4   92
49   10    8   5
0   10    2   50
1   10    13   68
2   10    3   10
3   10    2   68
4   10    16   68
5   10    2   96
6   10    3   68
7   10    12   68
8   10    2   68
9   10    4   50
10   10    3   50
11   10    9   68
12   10    4   55
13   10    4   55
14   10    5   55
15   10    2   50
16   10    8   68
17   10    4   68
18   10    2   68
19   10    14   10
20   10    8   68
21   10    2   96
22   10    2   50
23   10    2   55
24   10    6   68
25   10    3   50
26   10    4   96
27   10    15   10
28   10    9   68
29   10    12   10
30   10    3   50
31   10    10   96
32   10    17   68
33   10    5   96
34   10    7   68
35   10    5   68
36   10    4   68
37   10    5   10
38   10    10   68
39   10    4   10
40   10    3   10
41   10    2   10
42   10    2   68
43   10    2   55
44   10    2   50
45   10    31   68
46   10    3   68
47   10    5   68
48   10    11   68
49   10    6   68
0   10    16   24
1   10    3   24
2   10    7   15
3   10    10   94
4   10    3   56
5   10    16   24
6   10    2   94
7   10    12   24
8   10    10   24
9   10    2   76
10   10    5   24
11   10    5   56
12   10    5   76
13   10    5   24
14   10    5   24
15   10    9   94
16   10    3   24
17   10    4   24
18   10    3   15
19   10    2   56
20   10    3   24
21   10    2   76
22   10    9   24
23   10    3   15
24   10    10   94
25   10    2   56
26   10    7   94
27   10    6   24
28   10    2   15
29   10    2   24
30   10    9   76
31   10    2   76
32   10    3   56
33   10    10   24
34   10    6   24
35   10    10   56
36   10    2   94
37   10    2   76
38   10    5   24
39   10    2   24
40   10    7   15
41   10    12   15
42   10    21   94
43   10    4   24
44   10    5   24
45   10    4   24
46   10    7   15
47   10    2   76
48   10    2   15
49   10    8   24
0   10    9   40
1   10    2   28
2   10    9   28
3   10    3   99
4   10    10   79
5   10    9   40
6   10    3   28
7   10    7   28
8   10    5   59
9   10    5   40
10   10    13   99
11   10    8   40
12   10    3   40
13   10    3   28
14   10    2   28
15   10    6   59
16   10    10   79
17   10    13   59
18   10    4   40
19   10    9   28
20   10    6   28
21   10    2   28
22   10    4   28
23   10    5   28
24   10    11   28
25   10    3   59
26   10    15   99
27   10    5   40
28   10    8   40
29   10    5   28
30   10    12   79
31   10    15   59
32   10    8   79
33   10    7   28
34   10    14   40
35   10    9   28
36   10    7   28
37   10    7   40
38   10    3   40
39   10    11   40
40   10    13   99
41   10    5   99
42   10    3   59
43   10    7   79
44   10    10   28
45   10    6   28
46   10    7   99
47   10    3   79
48   10    5   28
49   10    8   59
0   10    2   77
1   10    11   68
2   10    3   44
3   10    3   77
4   10    10   77
5   10    2   25
6   10    7   68
7   10    2   25
8   10    9   77
9   10    4   44
10   10    7   77
11   10    5   44
12   10    3   44
13   10    2   77
14   10    2   28
15   10    6   25
16   10    6   68
17   10    4   77
18   10    6   28
19   10    6   68
20   10    6   44
21   10    5   77
22   10    8   77
23   10    7   68
24   10    3   28
25   10    3   68
26   10    4   28
27   10    8   44
28   10    12   77
29   10    8   77
30   10    4   77
31   10    5   28
32   10    3   77
33   10    8   77
34   10    2   68
35   10    2   25
36   10    2   77
37   10    4   68
38   10    2   44
39   10    4   44
40   10    2   77
41   10    5   77
42   10    3   44
43   10    2   44
44   10    8   28
45   10    5   68
46   10    5   28
47   10    4   28
48   10    2   28
49   10    6   77
0   10    22   22
1   10    2   21
2   10    9   22
3   10    2   21
4   10    4   59
5   10    11   22
6   10    13   72
7   10    7   22
8   10    2   53
9   10    2   22
10   10    2   21
11   10    2   22
12   10    2   53
13   10    2   53
14   10    18   72
15   10    7   59
16   10    3   72
17   10    2   59
18   10    3   72
19   10    14   21
20   10    2   72
21   10    2   53
22   10    5   21
23   10    3   53
24   10    2   53
25   10    3   59
26   10    2   53
27   10    2   72
28   10    12   59
29   10    2   21
30   10    4   72
31   10    2   22
32   10    3   72
33   10    2   59
34   10    5   53
35   10    5   21
36   10    8   59
37   10    3   53
38   10    7   59
39   10    3   59
40   10    5   72
41   10    3   59
42   10    2   53
43   10    4   59
44   10    2   21
45   10    2   53
46   10    12   72
47   10    2   72
48   10    9   59
49   10    10   72
0   10    22   22
1   10    2   21
2   10    9   22
3   10    2   21
4   10    4   59
5   10    11   22
6   10    13   72
7   10    7   22
8   10    2   53
9   10    2   22
10   10    2   21
11   10    2   22
12   10    2   53
13   10    2   53
14   10    18   72
15   10    7   59
16   10    3   72
17   10    2   59
18   10    3   72
19   10    14   21
20   10    2   72
21   10    2   53
22   10    5   21
23   10    3   53
24   10    2   53
25   10    3   59
26   10    2   53
27   10    2   72
28   10    12   59
29   10    2   21
30   10    4   72
31   10    2   22
32   10    3   72
33   10    2   59
34   10    5   53
35   10    5   21
36   10    8   59
37   10    3   53
38   10    7   59
39   10    3   59
40   10    5   72
41   10    3   59
42   10    2   53
43   10    4   59
44   10    2   21
45   10    2   53
46   10    12   72
47   10    2   72
48   10    9   59
49   10    10   72
0   10    2   60
1   10    2   46
2   10    8   87
3   10    7   78
4   10    4   87
5   10    6   46
6   10    3   78
7   10    5   41
8   10    2   60
9   10    6   46
10   10    3   78
11   10    22   78
12   10    5   46
13   10    2   87
14   10    12   78
15   10    2   46
16   10    2   46
17   10    7   78
18   10    6   78
19   10    3   87
20   10    5   78
21   10    2   78
22   10    5   87
23   10    2   46
24   10    13   78
25   10    11   41
26   10    6   78
27   10    5   87
28   10    8   87
29   10    14   46
30   10    4   87
31   10    4   78
32   10    9   46
33   10    2   87
34   10    8   78
35   10    2   87
36   10    4   60
37   10    2   78
38   10    3   41
39   10    7   78
40   10    2   41
41   10    2   46
42   10    2   60
43   10    10   78
44   10    3   46
45   10    2   78
46   10    4   41
47   10    7   78
48   10    3   46
49   10    8   46
0   10    16   90
1   10    2   90
2   10    3   44
3   10    4   2
4   10    8   85
5   10    5   44
6   10    2   90
7   10    7   44
8   10    3   81
9   10    2   2
10   10    3   90
11   10    4   44
12   10    8   90
13   10    2   85
14   10    7   90
15   10    51   90
16   10    5   90
17   10    2   90
18   10    9   90
19   10    2   44
20   10    3   90
21   10    3   85
22   10    3   44
23   10    4   2
24   10    27   85
25   10    2   81
26   10    7   90
27   10    16   90
28   10    3   44
29   10    2   81
30   10    2   81
31   10    9   85
32   10    13   90
33   10    2   2
34   10    2   81
35   10    12   85
36   10    2   2
37   10    4   85
38   10    26   44
39   10    10   90
40   10    19   90
41   10    3   90
42   10    7   90
43   10    4   90
44   10    5   2
45   10    6   85
46   10    11   44
47   10    2   85
48   10    20   90
49   10    12   90
0   10    3   32
1   10    2   32
2   10    2   32
3   10    14   27
4   10    14   56
5   10    2   4
6   10    2   32
7   10    2   56
8   10    5   27
9   10    4   32
10   10    2   56
11   10    4   56
12   10    2   56
13   10    6   27
14   10    7   4
15   10    2   32
16   10    3   20
17   10    8   27
18   10    6   27
19   10    10   56
20   10    4   27
21   10    2   32
22   10    2   56
23   10    2   56
24   10    7   4
25   10    4   56
26   10    3   56
27   10    3   56
28   10    2   56
29   10    2   4
30   10    10   32
31   10    10   56
32   10    2   56
33   10    3   56
34   10    5   20
35   10    6   56
36   10    5   27
37   10    4   27
38   10    3   27
39   10    2   56
40   10    5   27
41   10    2   32
42   10    7   32
43   10    3   27
44   10    2   56
45   10    2   56
46   10    5   32
47   10    5   32
48   10    2   20
49   10    2   20
0   10    2   33
1   10    10   49
2   10    15   49
3   10    2   49
4   10    5   49
5   10    7   49
6   10    4   76
7   10    2   49
8   10    2   49
9   10    2   55
10   10    2   76
11   10    2   55
12   10    2   76
13   10    10   76
14   10    2   49
15   10    17   49
16   10    3   55
17   10    10   55
18   10    17   49
19   10    2   33
20   10    2   55
21   10    2   76
22   10    2   55
23   10    2   12
24   10    4   76
25   10    2   55
26   10    2   12
27   10    2   76
28   10    30   76
29   10    2   55
30   10    6   49
31   10    4   33
32   10    18   49
33   10    2   76
34   10    5   49
35   10    4   49
36   10    2   33
37   10    4   55
38   10    9   49
39   10    12   49
40   10    7   49
41   10    8   49
42   10    2   55
43   10    3   33
44   10    16   12
45   10    28   49
46   10    8   49
47   10    5   76
48   10    2   12
49   10    3   49
0   10    6   98
1   10    2   64
2   10    2   99
3   10    2   64
4   10    2   64
5   10    2   67
6   10    12   67
7   10    2   64
8   10    2   99
9   10    6   98
10   10    2   67
11   10    2   64
12   10    7   67
13   10    6   67
14   10    11   98
15   10    2   80
16   10    4   64
17   10    8   80
18   10    6   67
19   10    5   98
20   10    2   80
21   10    4   80
22   10    3   67
23   10    4   64
24   10    2   99
25   10    2   67
26   10    4   64
27   10    12   99
28   10    26   64
29   10    2   67
30   10    4   67
31   10    11   67
32   10    9   64
33   10    2   98
34   10    3   64
35   10    19   98
36   10    17   99
37   10    3   80
38   10    2   67
39   10    13   64
40   10    2   98
41   10    10   67
42   10    5   67
43   10    11   67
44   10    3   99
45   10    2   64
46   10    2   80
47   10    17   98
48   10    3   80
49   10    10   99
0   10    20   48
1   10    4   48
2   10    4   48
3   10    5   48
4   10    2   85
5   10    5   85
6   10    36   48
7   10    2   60
8   10    23   48
9   10    2   48
10   10    2   60
11   10    12   48
12   10    23   48
13   10    3   60
14   10    2   4
15   10    5   48
16   10    4   48
17   10    15   48
18   10    18   48
19   10    6   48
20   10    2   60
21   10    9   48
22   10    2   4
23   10    30   48
24   10    9   85
25   10    11   48
26   10    2   48
27   10    12   48
28   10    14   4
29   10    3   48
30   10    9   48
31   10    25   48
32   10    2   48
33   10    6   48
34   10    26   48
35   10    2   4
36   10    19   48
37   10    21   48
38   10    3   48
39   10    2   60
40   10    5   48
41   10    2   85
42   10    15   48
43   10    13   48
44   10    16   48
45   10    4   60
46   10    2   4
47   10    22   48
48   10    2   48
49   10    10   48
0   10    12   67
1   10    9   78
2   10    9   88
3   10    4   88
4   10    2   78
5   10    6   78
6   10    7   67
7   10    14   67
8   10    2   67
9   10    2   29
10   10    3   78
11   10    9   67
12   10    7   67
13   10    4   73
14   10    2   78
15   10    9   67
16   10    3   73
17   10    8   67
18   10    2   73
19   10    2   29
20   10    2   73
21   10    10   29
22   10    4   29
23   10    2   29
24   10    2   78
25   10    2   78
26   10    2   29
27   10    7   67
28   10    3   73
29   10    2   78
30   10    2   78
31   10    5   67
32   10    2   67
33   10    2   29
34   10    3   73
35   10    7   67
36   10    2   73
37   10    5   29
38   10    8   73
39   10    2   73
40   10    2   67
41   10    5   29
42   10    2   67
43   10    2   29
44   10    6   29
45   10    22   67
46   10    5   78
47   10    30   67
48   10    3   73
49   10    9   67
0   10    4   57
1   10    10   44
2   10    3   57
3   10    6   57
4   10    2   23
5   10    8   44
6   10    11   23
7   10    2   79
8   10    16   57
9   10    2   57
10   10    11   57
11   10    7   64
12   10    5   64
13   10    6   57
14   10    10   57
15   10    20   79
16   10    6   57
17   10    4   64
18   10    3   23
19   10    2   44
20   10    2   57
21   10    10   44
22   10    6   57
23   10    12   57
24   10    2   23
25   10    11   64
26   10    5   44
27   10    4   79
28   10    9   23
29   10    2   23
30   10    4   44
31   10    7   23
32   10    12   57
33   10    2   64
34   10    10   64
35   10    3   44
36   10    8   64
37   10    3   57
38   10    10   44
39   10    18   57
40   10    7   79
41   10    3   64
42   10    4   57
43   10    5   23
44   10    2   64
45   10    12   44
46   10    2   57
47   10    9   57
48   10    2   57
49   10    6   44
0   10    2   67
1   10    2   83
2   10    2   42
3   10    2   67
4   10    2   83
5   10    4   83
6   10    3   67
7   10    7   67
8   10    3   67
9   10    2   3
10   10    2   3
11   10    4   67
12   10    2   67
13   10    22   10
14   10    2   42
15   10    2   83
16   10    4   42
17   10    2   42
18   10    2   67
19   10    2   42
20   10    2   3
21   10    3   10
22   10    27   10
23   10    13   10
24   10    4   83
25   10    2   83
26   10    2   83
27   10    18   67
28   10    8   67
29   10    6   67
30   10    2   67
31   10    5   3
32   10    15   10
33   10    2   3
34   10    8   3
35   10    2   67
36   10    20   67
37   10    2   42
38   10    18   67
39   10    10   10
40   10    3   67
41   10    15   10
42   10    2   10
43   10    13   67
44   10    6   10
45   10    11   10
46   10    14   10
47   10    2   83
48   10    3   10
49   10    3   10
0   10    2   86
1   10    3   6
2   10    7   38
3   10    5   64
4   10    2   38
5   10    2   38
6   10    10   51
7   10    3   38
8   10    11   64
9   10    2   64
10   10    8   86
11   10    2   51
12   10    6   64
13   10    4   51
14   10    4   64
15   10    10   86
16   10    2   64
17   10    7   51
18   10    10   64
19   10    4   38
20   10    5   6
21   10    11   38
22   10    4   64
23   10    2   38
24   10    6   51
25   10    3   51
26   10    3   51
27   10    3   51
28   10    3   51
29   10    11   38
30   10    5   64
31   10    3   6
32   10    2   38
33   10    2   64
34   10    3   51
35   10    7   38
36   10    4   51
37   10    5   51
38   10    11   64
39   10    12   38
40   10    4   6
41   10    3   38
42   10    2   86
43   10    5   38
44   10    10   64
45   10    2   51
46   10    2   64
47   10    2   38
48   10    2   38
49   10    9   86
0   10    2   86
1   10    3   6
2   10    7   38
3   10    5   64
4   10    2   38
5   10    2   38
6   10    10   51
7   10    3   38
8   10    11   64
9   10    2   64
10   10    8   86
11   10    2   51
12   10    6   64
13   10    4   51
14   10    4   64
15   10    10   86
16   10    2   64
17   10    7   51
18   10    10   64
19   10    4   38
20   10    5   6
21   10    11   38
22   10    4   64
23   10    2   38
24   10    6   51
25   10    3   51
26   10    3   51
27   10    3   51
28   10    3   51
29   10    11   38
30   10    5   64
31   10    3   6
32   10    2   38
33   10    2   64
34   10    3   51
35   10    7   38
36   10    4   51
37   10    5   51
38   10    11   64
39   10    12   38
40   10    4   6
41   10    3   38
42   10    2   86
43   10    5   38
44   10    10   64
45   10    2   51
46   10    2   64
47   10    2   38
48   10    2   38
49   10    9   86
0   10    4   77
1   10    2   31
2   10    16   5
3   10    5   31
4   10    2   31
5   10    5   5
6   10    2   78
7   10    15   91
8   10    2   5
9   10    3   91
10   10    4   91
11   10    12   5
12   10    2   91
13   10    28   91
14   10    2   78
15   10    6   5
16   10    2   77
17   10    5   31
18   10    2   78
19   10    6   5
20   10    3   5
21   10    6   31
22   10    2   91
23   10    3   5
24   10    10   5
25   10    2   5
26   10    7   5
27   10    17   31
28   10    2   5
29   10    3   77
30   10    2   78
31   10    2   91
32   10    2   5
33   10    2   91
34   10    3   31
35   10    2   91
36   10    2   31
37   10    4   91
38   10    5   77
39   10    6   31
40   10    2   31
41   10    2   5
42   10    9   31
43   10    2   91
44   10    25   91
45   10    3   5
46   10    5   77
47   10    6   5
48   10    4   5
49   10    6   91
0   10    6   13
1   10    26   42
2   10    2   93
3   10    14   93
4   10    17   13
5   10    5   93
6   10    2   93
7   10    2   42
8   10    2   42
9   10    4   13
10   10    6   0
11   10    7   42
12   10    3   94
13   10    4   42
14   10    2   42
15   10    6   13
16   10    6   42
17   10    2   0
18   10    4   94
19   10    3   42
20   10    2   42
21   10    3   42
22   10    2   93
23   10    12   94
24   10    7   13
25   10    6   13
26   10    6   42
27   10    6   13
28   10    2   42
29   10    4   94
30   10    11   93
31   10    5   94
32   10    9   42
33   10    2   42
34   10    10   13
35   10    4   42
36   10    3   13
37   10    18   94
38   10    9   93
39   10    3   94
40   10    12   13
41   10    3   13
42   10    4   42
43   10    6   42
44   10    19   13
45   10    5   93
46   10    8   42
47   10    2   42
48   10    4   93
49   10    3   13
0   10    3   67
1   10    4   79
2   10    6   13
3   10    2   79
4   10    6   40
5   10    2   67
6   10    2   40
7   10    2   67
8   10    6   67
9   10    2   32
10   10    6   40
11   10    6   40
12   10    4   13
13   10    5   79
14   10    2   67
15   10    3   79
16   10    6   67
17   10    5   40
18   10    3   67
19   10    10   67
20   10    12   79
21   10    8   67
22   10    2   67
23   10    5   40
24   10    7   67
25   10    4   67
26   10    2   40
27   10    7   32
28   10    5   40
29   10    4   67
30   10    4   67
31   10    2   13
32   10    2   79
33   10    4   32
34   10    2   67
35   10    13   13
36   10    4   79
37   10    18   67
38   10    4   67
39   10    4   40
40   10    3   32
41   10    4   79
42   10    2   67
43   10    4   32
44   10    5   40
45   10    3   13
46   10    2   67
47   10    5   32
48   10    5   13
49   10    13   79
0   10    3   67
1   10    4   79
2   10    6   13
3   10    2   79
4   10    6   40
5   10    2   67
6   10    2   40
7   10    2   67
8   10    6   67
9   10    2   32
10   10    6   40
11   10    6   40
12   10    4   13
13   10    5   79
14   10    2   67
15   10    3   79
16   10    6   67
17   10    5   40
18   10    3   67
19   10    10   67
20   10    12   79
21   10    8   67
22   10    2   67
23   10    5   40
24   10    7   67
25   10    4   67
26   10    2   40
27   10    7   32
28   10    5   40
29   10    4   67
30   10    4   67
31   10    2   13
32   10    2   79
33   10    4   32
34   10    2   67
35   10    13   13
36   10    4   79
37   10    18   67
38   10    4   67
39   10    4   40
40   10    3   32
41   10    4   79
42   10    2   67
43   10    4   32
44   10    5   40
45   10    3   13
46   10    2   67
47   10    5   32
48   10    5   13
49   10    13   79
0   10    7   66
1   10    23   66
2   10    6   66
3   10    4   5
4   10    3   91
5   10    2   81
6   10    4   81
7   10    2   24
8   10    3   66
9   10    4   91
10   10    8   91
11   10    11   91
12   10    22   91
13   10    16   66
14   10    2   81
15   10    12   66
16   10    9   91
17   10    7   91
18   10    14   91
19   10    4   24
20   10    12   91
21   10    3   81
22   10    3   81
23   10    10   91
24   10    7   24
25   10    2   66
26   10    12   91
27   10    3   66
28   10    6   66
29   10    4   24
30   10    4   91
31   10    8   5
32   10    7   91
33   10    12   91
34   10    2   24
35   10    5   91
36   10    4   24
37   10    2   24
38   10    10   91
39   10    12   91
40   10    2   91
41   10    14   91
42   10    14   66
43   10    7   24
44   10    10   5
45   10    4   81
46   10    5   81
47   10    16   66
48   10    5   66
49   10    3   91
0   10    2   47
1   10    11   47
2   10    11   16
3   10    2   47
4   10    2   23
5   10    3   12
6   10    13   47
7   10    2   6
8   10    7   47
9   10    4   16
10   10    5   16
11   10    3   47
12   10    6   12
13   10    2   12
14   10    7   23
15   10    6   6
16   10    10   16
17   10    3   23
18   10    3   47
19   10    8   16
20   10    6   16
21   10    4   47
22   10    13   47
23   10    9   12
24   10    7   12
25   10    4   23
26   10    2   47
27   10    2   23
28   10    3   47
29   10    10   16
30   10    5   12
31   10    7   47
32   10    6   23
33   10    9   23
34   10    7   47
35   10    2   47
36   10    7   23
37   10    6   23
38   10    6   16
39   10    4   16
40   10    5   23
41   10    5   12
42   10    2   23
43   10    2   6
44   10    4   12
45   10    7   23
46   10    3   16
47   10    8   12
48   10    5   6
49   10    6   23
0   10    2   47
1   10    11   47
2   10    11   16
3   10    2   47
4   10    2   23
5   10    3   12
6   10    13   47
7   10    2   6
8   10    7   47
9   10    4   16
10   10    5   16
11   10    3   47
12   10    6   12
13   10    2   12
14   10    7   23
15   10    6   6
16   10    10   16
17   10    3   23
18   10    3   47
19   10    8   16
20   10    6   16
21   10    4   47
22   10    13   47
23   10    9   12
24   10    7   12
25   10    4   23
26   10    2   47
27   10    2   23
28   10    3   47
29   10    10   16
30   10    5   12
31   10    7   47
32   10    6   23
33   10    9   23
34   10    7   47
35   10    2   47
36   10    7   23
37   10    6   23
38   10    6   16
39   10    4   16
40   10    5   23
41   10    5   12
42   10    2   23
43   10    2   6
44   10    4   12
45   10    7   23
46   10    3   16
47   10    8   12
48   10    5   6
49   10    6   23
0   10    3   69
1   10    18   69
2   10    20   69
3   10    25   69
4   10    3   44
5   10    7   69
6   10    4   24
7   10    2   69
8   10    2   69
9   10    15   69
10   10    8   69
11   10    2   69
12   10    9   44
13   10    3   45
14   10    17   69
15   10    4   69
16   10    7   69
17   10    2   69
18   10    2   69
19   10    2   45
20   10    2   44
21   10    9   24
22   10    10   4
23   10    19   45
24   10    7   69
25   10    4   45
26   10    37   45
27   10    10   69
28   10    18   69
29   10    4   69
30   10    7   45
31   10    2   69
32   10    15   69
33   10    13   69
34   10    8   69
35   10    4   45
36   10    3   4
37   10    9   44
38   10    3   69
39   10    2   69
40   10    2   69
41   10    14   69
42   10    7   69
43   10    7   24
44   10    23   69
45   10    3   69
46   10    5   4
47   10    19   69
48   10    6   69
49   10    2   45
0   10    3   44
1   10    2   87
2   10    12   84
3   10    2   84
4   10    3   69
5   10    13   69
6   10    2   69
7   10    8   90
8   10    11   90
9   10    24   69
10   10    6   44
11   10    3   87
12   10    3   90
13   10    3   44
14   10    5   44
15   10    24   87
16   10    5   90
17   10    24   69
18   10    8   84
19   10    2   87
20   10    8   44
21   10    5   44
22   10    6   44
23   10    3   44
24   10    3   44
25   10    3   87
26   10    23   90
27   10    2   44
28   10    9   90
29   10    12   90
30   10    7   90
31   10    11   69
32   10    4   90
33   10    6   44
34   10    11   69
35   10    10   44
36   10    3   69
37   10    5   84
38   10    15   84
39   10    9   84
40   10    3   44
41   10    2   44
42   10    22   69
43   10    8   90
44   10    5   69
45   10    2   69
46   10    2   84
47   10    23   90
48   10    4   44
49   10    11   69
0   10    4   90
1   10    4   87
2   10    21   69
3   10    18   90
4   10    30   69
5   10    6   44
6   10    11   90
7   10    7   90
8   10    4   69
9   10    2   90
10   10    16   90
11   10    2   84
12   10    8   84
13   10    8   44
14   10    43   69
15   10    4   44
16   10    2   69
17   10    10   69
18   10    3   44
19   10    12   44
20   10    6   69
21   10    2   90
22   10    2   44
23   10    2   44
24   10    2   44
25   10    11   69
26   10    2   44
27   10    14   90
28   10    2   44
29   10    25   90
30   10    14   69
31   10    2   44
32   10    5   84
33   10    5   84
34   10    2   84
35   10    2   44
36   10    2   87
37   10    2   69
38   10    5   84
39   10    3   87
40   10    12   87
41   10    2   84
42   10    5   90
43   10    2   69
44   10    8   69
45   10    9   69
46   10    2   90
47   10    13   44
48   10    2   44
49   10    3   69
0   10    15   28
1   10    2   19
2   10    5   31
3   10    2   31
4   10    5   93
5   10    15   31
6   10    17   28
7   10    11   28
8   10    10   31
9   10    3   93
10   10    5   28
11   10    8   28
12   10    5   93
13   10    4   19
14   10    3   28
15   10    3   28
16   10    6   19
17   10    2   93
18   10    3   93
19   10    6   28
20   10    31   28
21   10    8   28
22   10    7   93
23   10    15   28
24   10    4   93
25   10    4   28
26   10    12   19
27   10    5   93
28   10    8   28
29   10    13   31
30   10    14   28
31   10    7   28
32   10    21   28
33   10    4   28
34   10    5   93
35   10    10   28
36   10    3   28
37   10    13   28
38   10    15   28
39   10    2   93
40   10    4   31
41   10    7   31
42   10    5   93
43   10    3   93
44   10    9   19
45   10    10   31
46   10    2   31
47   10    7   31
48   10    13   28
49   10    14   28
0   10    15   46
1   10    3   46
2   10    7   46
3   10    5   36
4   10    2   50
5   10    8   46
6   10    4   46
7   10    10   46
8   10    5   50
9   10    2   36
10   10    11   46
11   10    2   50
12   10    2   46
13   10    7   50
14   10    3   50
15   10    3   36
16   10    2   46
17   10    6   50
18   10    2   8
19   10    8   95
20   10    4   8
21   10    5   36
22   10    10   46
23   10    2   8
24   10    3   46
25   10    3   50
26   10    2   50
27   10    3   95
28   10    2   50
29   10    8   46
30   10    2   36
31   10    2   36
32   10    2   8
33   10    2   36
34   10    2   46
35   10    2   46
36   10    2   46
37   10    10   46
38   10    2   36
39   10    4   50
40   10    2   8
41   10    4   36
42   10    7   46
43   10    6   95
44   10    32   50
45   10    2   50
46   10    2   36
47   10    3   46
48   10    2   50
49   10    3   46
0   10    15   46
1   10    3   46
2   10    7   46
3   10    5   36
4   10    2   50
5   10    8   46
6   10    4   46
7   10    10   46
8   10    5   50
9   10    2   36
10   10    11   46
11   10    2   50
12   10    2   46
13   10    7   50
14   10    3   50
15   10    3   36
16   10    2   46
17   10    6   50
18   10    2   8
19   10    8   95
20   10    4   8
21   10    5   36
22   10    10   46
23   10    2   8
24   10    3   46
25   10    3   50
26   10    2   50
27   10    3   95
28   10    2   50
29   10    8   46
30   10    2   36
31   10    2   36
32   10    2   8
33   10    2   36
34   10    2   46
35   10    2   46
36   10    2   46
37   10    10   46
38   10    2   36
39   10    4   50
40   10    2   8
41   10    4   36
42   10    7   46
43   10    6   95
44   10    32   50
45   10    2   50
46   10    2   36
47   10    3   46
48   10    2   50
49   10    3   46
0   10    4   37
1   10    5   48
2   10    3   37
3   10    3   72
4   10    6   48
5   10    12   48
6   10    8   1
7   10    8   37
8   10    3   48
9   10    2   1
10   10    2   37
11   10    8   1
12   10    5   48
13   10    3   48
14   10    3   14
15   10    2   72
16   10    5   14
17   10    3   72
18   10    8   48
19   10    3   48
20   10    4   48
21   10    2   72
22   10    2   48
23   10    10   14
24   10    4   37
25   10    3   48
26   10    4   72
27   10    2   48
28   10    4   72
29   10    2   37
30   10    13   48
31   10    2   14
32   10    2   1
33   10    3   1
34   10    2   14
35   10    4   1
36   10    10   37
37   10    4   37
38   10    2   1
39   10    2   72
40   10    12   48
41   10    4   48
42   10    3   14
43   10    2   37
44   10    4   72
45   10    3   48
46   10    2   48
47   10    2   48
48   10    7   1
49   10    2   72
0   10    4   37
1   10    5   48
2   10    3   37
3   10    3   72
4   10    6   48
5   10    12   48
6   10    8   1
7   10    8   37
8   10    3   48
9   10    2   1
10   10    2   37
11   10    8   1
12   10    5   48
13   10    3   48
14   10    3   14
15   10    2   72
16   10    5   14
17   10    3   72
18   10    8   48
19   10    3   48
20   10    4   48
21   10    2   72
22   10    2   48
23   10    10   14
24   10    4   37
25   10    3   48
26   10    4   72
27   10    2   48
28   10    4   72
29   10    2   37
30   10    13   48
31   10    2   14
32   10    2   1
33   10    3   1
34   10    2   14
35   10    4   1
36   10    10   37
37   10    4   37
38   10    2   1
39   10    2   72
40   10    12   48
41   10    4   48
42   10    3   14
43   10    2   37
44   10    4   72
45   10    3   48
46   10    2   48
47   10    2   48
48   10    7   1
49   10    2   72
0   10    3   23
1   10    4   23
2   10    2   23
3   10    2   23
4   10    2   56
5   10    13   23
6   10    18   95
7   10    2   58
8   10    2   23
9   10    2   32
10   10    2   56
11   10    9   23
12   10    20   23
13   10    5   32
14   10    2   32
15   10    6   95
16   10    5   23
17   10    9   23
18   10    11   32
19   10    4   23
20   10    13   32
21   10    4   23
22   10    2   32
23   10    3   32
24   10    3   32
25   10    4   56
26   10    12   23
27   10    2   56
28   10    2   23
29   10    3   56
30   10    3   32
31   10    2   56
32   10    5   32
33   10    7   23
34   10    18   23
35   10    2   58
36   10    2   23
37   10    12   23
38   10    2   23
39   10    4   95
40   10    5   23
41   10    9   32
42   10    2   32
43   10    4   95
44   10    2   58
45   10    5   58
46   10    2   23
47   10    3   23
48   10    3   32
49   10    8   23
0   10    3   70
1   10    2   20
2   10    2   76
3   10    10   70
4   10    3   76
5   10    5   70
6   10    2   70
7   10    3   76
8   10    4   76
9   10    27   70
10   10    2   70
11   10    4   20
12   10    11   20
13   10    2   76
14   10    10   70
15   10    10   20
16   10    5   76
17   10    9   76
18   10    2   20
19   10    7   20
20   10    10   11
21   10    3   70
22   10    6   76
23   10    5   70
24   10    2   11
25   10    2   70
26   10    2   70
27   10    8   70
28   10    10   11
29   10    5   20
30   10    6   11
31   10    9   76
32   10    8   76
33   10    3   76
34   10    3   70
35   10    3   20
36   10    11   20
37   10    3   70
38   10    9   20
39   10    6   20
40   10    4   11
41   10    4   76
42   10    11   70
43   10    3   70
44   10    9   20
45   10    2   76
46   10    2   11
47   10    7   76
48   10    7   70
49   10    2   20
0   10    9   20
1   10    16   70
2   10    2   20
3   10    9   20
4   10    3   20
5   10    10   70
6   10    12   70
7   10    7   11
8   10    10   70
9   10    7   20
10   10    11   70
11   10    7   20
12   10    2   20
13   10    3   76
14   10    6   70
15   10    3   70
16   10    2   11
17   10    2   70
18   10    4   20
19   10    2   70
20   10    11   70
21   10    4   11
22   10    6   70
23   10    2   76
24   10    14   70
25   10    4   76
26   10    2   70
27   10    5   76
28   10    6   76
29   10    17   20
30   10    2   70
31   10    5   70
32   10    8   11
33   10    2   70
34   10    2   76
35   10    6   70
36   10    2   70
37   10    5   70
38   10    2   76
39   10    4   76
40   10    8   76
41   10    3   11
42   10    3   76
43   10    5   76
44   10    3   20
45   10    2   20
46   10    3   20
47   10    3   20
48   10    3   76
49   10    2   76
0   10    16   48
1   10    2   64
2   10    2   47
3   10    4   64
4   10    2   2
5   10    2   64
6   10    2   47
7   10    5   48
8   10    2   64
9   10    11   47
10   10    4   2
11   10    2   48
12   10    49   47
13   10    3   48
14   10    2   48
15   10    2   64
16   10    3   47
17   10    2   47
18   10    8   48
19   10    2   47
20   10    43   48
21   10    7   64
22   10    12   48
23   10    9   47
24   10    2   2
25   10    3   47
26   10    7   48
27   10    29   48
28   10    2   48
29   10    8   48
30   10    2   47
31   10    3   48
32   10    8   47
33   10    46   47
34   10    14   47
35   10    11   48
36   10    2   21
37   10    2   48
38   10    13   48
39   10    6   47
40   10    8   21
41   10    2   21
42   10    35   47
43   10    8   48
44   10    4   64
45   10    5   47
46   10    25   48
47   10    17   48
48   10    10   48
49   10    8   47
0   10    16   41
1   10    9   40
2   10    11   40
3   10    4   74
4   10    11   13
5   10    13   74
6   10    2   74
7   10    20   52
8   10    8   41
9   10    8   13
10   10    6   41
11   10    8   52
12   10    7   13
13   10    3   74
14   10    4   52
15   10    2   40
16   10    5   52
17   10    3   40
18   10    2   74
19   10    2   41
20   10    6   40
21   10    4   74
22   10    2   52
23   10    2   13
24   10    4   41
25   10    2   74
26   10    4   40
27   10    2   41
28   10    9   74
29   10    2   74
30   10    7   13
31   10    2   13
32   10    4   13
33   10    5   41
34   10    3   40
35   10    2   74
36   10    15   74
37   10    14   52
38   10    17   13
39   10    2   40
40   10    9   52
41   10    6   52
42   10    2   13
43   10    3   52
44   10    2   13
45   10    6   41
46   10    7   13
47   10    2   74
48   10    6   41
49   10    5   52
0   10    3   36
1   10    3   67
2   10    3   67
3   10    2   67
4   10    2   36
5   10    2   32
6   10    6   67
7   10    2   67
8   10    4   67
9   10    2   67
10   10    29   67
11   10    8   67
12   10    13   67
13   10    15   67
14   10    9   76
15   10    9   67
16   10    4   32
17   10    3   97
18   10    2   67
19   10    2   32
20   10    2   32
21   10    4   67
22   10    2   67
23   10    6   67
24   10    3   32
25   10    8   76
26   10    2   67
27   10    2   32
28   10    3   97
29   10    11   67
30   10    6   32
31   10    3   32
32   10    2   36
33   10    5   76
34   10    8   67
35   10    8   32
36   10    14   32
37   10    2   97
38   10    14   67
39   10    15   67
40   10    7   67
41   10    3   97
42   10    11   67
43   10    4   67
44   10    4   67
45   10    4   36
46   10    11   67
47   10    3   76
48   10    16   67
49   10    9   67
0   10    2   24
1   10    5   23
2   10    2   63
3   10    12   24
4   10    4   33
5   10    2   23
6   10    2   51
7   10    3   33
8   10    20   33
9   10    8   51
10   10    8   51
11   10    30   51
12   10    2   63
13   10    4   33
14   10    2   51
15   10    7   24
16   10    2   51
17   10    5   33
18   10    4   33
19   10    4   33
20   10    13   33
21   10    2   33
22   10    4   33
23   10    2   23
24   10    7   24
25   10    2   33
26   10    2   33
27   10    5   63
28   10    4   51
29   10    14   63
30   10    2   23
31   10    3   51
32   10    5   24
33   10    3   23
34   10    2   33
35   10    8   63
36   10    2   33
37   10    18   33
38   10    3   63
39   10    3   23
40   10    14   33
41   10    9   51
42   10    9   51
43   10    3   24
44   10    4   23
45   10    6   63
46   10    4   51
47   10    5   51
48   10    5   23
49   10    5   63
0   10    2   24
1   10    5   23
2   10    2   63
3   10    12   24
4   10    4   33
5   10    2   23
6   10    2   51
7   10    3   33
8   10    20   33
9   10    8   51
10   10    8   51
11   10    30   51
12   10    2   63
13   10    4   33
14   10    2   51
15   10    7   24
16   10    2   51
17   10    5   33
18   10    4   33
19   10    4   33
20   10    13   33
21   10    2   33
22   10    4   33
23   10    2   23
24   10    7   24
25   10    2   33
26   10    2   33
27   10    5   63
28   10    4   51
29   10    14   63
30   10    2   23
31   10    3   51
32   10    5   24
33   10    3   23
34   10    2   33
35   10    8   63
36   10    2   33
37   10    18   33
38   10    3   63
39   10    3   23
40   10    14   33
41   10    9   51
42   10    9   51
43   10    3   24
44   10    4   23
45   10    6   63
46   10    4   51
47   10    5   51
48   10    5   23
49   10    5   63
0   10    2   99
1   10    4   68
2   10    5   52
3   10    4   68
4   10    2   4
5   10    4   68
6   10    17   4
7   10    6   79
8   10    5   4
9   10    6   52
10   10    5   52
11   10    13   4
12   10    4   79
13   10    2   4
14   10    11   68
15   10    3   52
16   10    2   52
17   10    2   52
18   10    7   68
19   10    4   68
20   10    3   68
21   10    10   68
22   10    7   99
23   10    3   52
24   10    5   68
25   10    2   4
26   10    3   68
27   10    2   52
28   10    8   52
29   10    8   79
30   10    9   4
31   10    11   4
32   10    3   52
33   10    11   4
34   10    2   68
35   10    8   4
36   10    4   4
37   10    2   99
38   10    3   79
39   10    4   68
40   10    3   4
41   10    6   79
42   10    10   4
43   10    10   52
44   10    2   68
45   10    3   68
46   10    6   52
47   10    10   4
48   10    4   4
49   10    7   4
0   10    12   22
1   10    13   22
2   10    8   22
3   10    7   39
4   10    24   94
5   10    3   94
6   10    2   18
7   10    5   22
8   10    8   22
9   10    15   94
10   10    7   94
11   10    3   94
12   10    3   39
13   10    9   22
14   10    11   22
15   10    18   94
16   10    2   39
17   10    2   22
18   10    3   18
19   10    2   18
20   10    4   22
21   10    4   22
22   10    5   94
23   10    2   39
24   10    2   94
25   10    2   18
26   10    7   22
27   10    2   22
28   10    2   22
29   10    20   94
30   10    20   22
31   10    7   22
32   10    8   18
33   10    2   22
34   10    14   94
35   10    4   22
36   10    20   18
37   10    12   22
38   10    3   39
39   10    2   39
40   10    5   22
41   10    11   94
42   10    2   94
43   10    5   22
44   10    7   94
45   10    12   22
46   10    15   39
47   10    4   22
48   10    5   94
49   10    5   18
0   10    12   22
1   10    13   22
2   10    8   22
3   10    7   39
4   10    24   94
5   10    3   94
6   10    2   18
7   10    5   22
8   10    8   22
9   10    15   94
10   10    7   94
11   10    3   94
12   10    3   39
13   10    9   22
14   10    11   22
15   10    18   94
16   10    2   39
17   10    2   22
18   10    3   18
19   10    2   18
20   10    4   22
21   10    4   22
22   10    5   94
23   10    2   39
24   10    2   94
25   10    2   18
26   10    7   22
27   10    2   22
28   10    2   22
29   10    20   94
30   10    20   22
31   10    7   22
32   10    8   18
33   10    2   22
34   10    14   94
35   10    4   22
36   10    20   18
37   10    12   22
38   10    3   39
39   10    2   39
40   10    5   22
41   10    11   94
42   10    2   94
43   10    5   22
44   10    7   94
45   10    12   22
46   10    15   39
47   10    4   22
48   10    5   94
49   10    5   18
0   10    6   23
1   10    9   17
2   10    2   52
3   10    2   14
4   10    14   23
5   10    17   73
6   10    11   52
7   10    9   23
8   10    6   23
9   10    2   23
10   10    2   14
11   10    2   14
12   10    10   52
13   10    3   52
14   10    12   23
15   10    2   17
16   10    2   52
17   10    2   73
18   10    3   23
19   10    2   14
20   10    4   14
21   10    4   23
22   10    2   14
23   10    4   23
24   10    3   23
25   10    6   73
26   10    8   23
27   10    4   17
28   10    14   52
29   10    2   23
30   10    7   73
31   10    2   14
32   10    12   52
33   10    8   73
34   10    3   23
35   10    2   23
36   10    2   23
37   10    2   17
38   10    2   73
39   10    2   73
40   10    10   23
41   10    2   23
42   10    4   14
43   10    2   52
44   10    9   23
45   10    4   17
46   10    12   73
47   10    3   52
48   10    5   23
49   10    5   17
0   10    3   85
1   10    14   42
2   10    7   38
3   10    5   38
4   10    2   11
5   10    2   38
6   10    11   11
7   10    3   38
8   10    2   85
9   10    5   92
10   10    6   42
11   10    7   38
12   10    3   92
13   10    4   85
14   10    2   92
15   10    7   85
16   10    5   85
17   10    2   85
18   10    13   11
19   10    2   92
20   10    2   38
21   10    2   38
22   10    5   42
23   10    2   42
24   10    2   92
25   10    12   38
26   10    3   42
27   10    7   92
28   10    2   92
29   10    2   85
30   10    3   92
31   10    2   42
32   10    6   11
33   10    2   11
34   10    5   42
35   10    2   85
36   10    5   85
37   10    3   11
38   10    4   11
39   10    2   38
40   10    5   42
41   10    4   11
42   10    2   85
43   10    3   42
44   10    2   11
45   10    2   92
46   10    6   42
47   10    7   42
48   10    13   38
49   10    2   42
0   10    3   85
1   10    14   42
2   10    7   38
3   10    5   38
4   10    2   11
5   10    2   38
6   10    11   11
7   10    3   38
8   10    2   85
9   10    5   92
10   10    6   42
11   10    7   38
12   10    3   92
13   10    4   85
14   10    2   92
15   10    7   85
16   10    5   85
17   10    2   85
18   10    13   11
19   10    2   92
20   10    2   38
21   10    2   38
22   10    5   42
23   10    2   42
24   10    2   92
25   10    12   38
26   10    3   42
27   10    7   92
28   10    2   92
29   10    2   85
30   10    3   92
31   10    2   42
32   10    6   11
33   10    2   11
34   10    5   42
35   10    2   85
36   10    5   85
37   10    3   11
38   10    4   11
39   10    2   38
40   10    5   42
41   10    4   11
42   10    2   85
43   10    3   42
44   10    2   11
45   10    2   92
46   10    6   42
47   10    7   42
48   10    13   38
49   10    2   42
0   10    2   70
1   10    5   15
2   10    2   78
3   10    5   78
4   10    2   70
5   10    3   15
6   10    2   83
7   10    4   70
8   10    9   78
9   10    2   70
10   10    7   70
11   10    2   70
12   10    5   15
13   10    3   83
14   10    2   70
15   10    2   78
16   10    6   15
17   10    2   83
18   10    7   3
19   10    2   3
20   10    2   3
21   10    4   70
22   10    2   15
23   10    10   83
24   10    4   70
25   10    7   3
26   10    2   78
27   10    4   15
28   10    2   70
29   10    9   78
30   10    7   70
31   10    6   70
32   10    3   70
33   10    5   3
34   10    4   83
35   10    7   3
36   10    5   83
37   10    8   78
38   10    4   78
39   10    4   15
40   10    2   70
41   10    2   78
42   10    4   70
43   10    2   78
44   10    13   70
45   10    9   3
46   10    2   70
47   10    6   78
48   10    5   15
49   10    3   83
0   10    2   70
1   10    5   15
2   10    2   78
3   10    5   78
4   10    2   70
5   10    3   15
6   10    2   83
7   10    4   70
8   10    9   78
9   10    2   70
10   10    7   70
11   10    2   70
12   10    5   15
13   10    3   83
14   10    2   70
15   10    2   78
16   10    6   15
17   10    2   83
18   10    7   3
19   10    2   3
20   10    2   3
21   10    4   70
22   10    2   15
23   10    10   83
24   10    4   70
25   10    7   3
26   10    2   78
27   10    4   15
28   10    2   70
29   10    9   78
30   10    7   70
31   10    6   70
32   10    3   70
33   10    5   3
34   10    4   83
35   10    7   3
36   10    5   83
37   10    8   78
38   10    4   78
39   10    4   15
40   10    2   70
41   10    2   78
42   10    4   70
43   10    2   78
44   10    13   70
45   10    9   3
46   10    2   70
47   10    6   78
48   10    5   15
49   10    3   83
0   10    7   27
1   10    2   57
2   10    2   57
3   10    2   27
4   10    10   57
5   10    2   41
6   10    7   27
7   10    6   57
8   10    8   27
9   10    8   57
10   10    7   27
11   10    2   57
12   10    6   57
13   10    10   57
14   10    14   84
15   10    2   57
16   10    7   27
17   10    2   27
18   10    17   19
19   10    2   57
20   10    2   57
21   10    2   27
22   10    9   19
23   10    4   41
24   10    3   57
25   10    5   41
26   10    4   57
27   10    9   84
28   10    4   27
29   10    8   27
30   10    2   41
31   10    3   27
32   10    5   41
33   10    5   27
34   10    8   57
35   10    6   84
36   10    2   27
37   10    3   57
38   10    2   27
39   10    4   27
40   10    4   84
41   10    3   19
42   10    4   57
43   10    9   27
44   10    3   57
45   10    2   27
46   10    5   27
47   10    2   84
48   10    3   41
49   10    6   57
0   10    7   27
1   10    2   57
2   10    2   57
3   10    2   27
4   10    10   57
5   10    2   41
6   10    7   27
7   10    6   57
8   10    8   27
9   10    8   57
10   10    7   27
11   10    2   57
12   10    6   57
13   10    10   57
14   10    14   84
15   10    2   57
16   10    7   27
17   10    2   27
18   10    17   19
19   10    2   57
20   10    2   57
21   10    2   27
22   10    9   19
23   10    4   41
24   10    3   57
25   10    5   41
26   10    4   57
27   10    9   84
28   10    4   27
29   10    8   27
30   10    2   41
31   10    3   27
32   10    5   41
33   10    5   27
34   10    8   57
35   10    6   84
36   10    2   27
37   10    3   57
38   10    2   27
39   10    4   27
40   10    4   84
41   10    3   19
42   10    4   57
43   10    9   27
44   10    3   57
45   10    2   27
46   10    5   27
47   10    2   84
48   10    3   41
49   10    6   57
0   10    5   44
1   10    11   45
2   10    5   44
3   10    6   15
4   10    3   45
5   10    6   50
6   10    6   45
7   10    2   59
8   10    3   15
9   10    5   44
10   10    6   50
11   10    3   50
12   10    11   59
13   10    6   44
14   10    3   50
15   10    6   50
16   10    3   45
17   10    3   45
18   10    6   44
19   10    2   15
20   10    4   44
21   10    2   59
22   10    2   50
23   10    4   59
24   10    11   59
25   10    5   59
26   10    4   50
27   10    4   45
28   10    2   45
29   10    2   15
30   10    3   50
31   10    5   15
32   10    8   50
33   10    7   15
34   10    9   50
35   10    2   50
36   10    2   15
37   10    3   50
38   10    2   50
39   10    6   44
40   10    6   44
41   10    4   15
42   10    3   45
43   10    4   45
44   10    6   50
45   10    7   44
46   10    5   45
47   10    8   44
48   10    2   50
49   10    2   44
0   10    5   44
1   10    11   45
2   10    5   44
3   10    6   15
4   10    3   45
5   10    6   50
6   10    6   45
7   10    2   59
8   10    3   15
9   10    5   44
10   10    6   50
11   10    3   50
12   10    11   59
13   10    6   44
14   10    3   50
15   10    6   50
16   10    3   45
17   10    3   45
18   10    6   44
19   10    2   15
20   10    4   44
21   10    2   59
22   10    2   50
23   10    4   59
24   10    11   59
25   10    5   59
26   10    4   50
27   10    4   45
28   10    2   45
29   10    2   15
30   10    3   50
31   10    5   15
32   10    8   50
33   10    7   15
34   10    9   50
35   10    2   50
36   10    2   15
37   10    3   50
38   10    2   50
39   10    6   44
40   10    6   44
41   10    4   15
42   10    3   45
43   10    4   45
44   10    6   50
45   10    7   44
46   10    5   45
47   10    8   44
48   10    2   50
49   10    2   44
0   10    2   5
1   10    17   27
2   10    5   27
3   10    5   5
4   10    3   7
5   10    7   72
6   10    3   27
7   10    5   36
8   10    10   5
9   10    4   7
10   10    2   7
11   10    4   27
12   10    7   72
13   10    8   36
14   10    2   7
15   10    3   27
16   10    3   27
17   10    10   5
18   10    2   5
19   10    7   36
20   10    2   36
21   10    18   72
22   10    2   7
23   10    6   5
24   10    2   72
25   10    3   27
26   10    3   72
27   10    11   5
28   10    2   7
29   10    2   27
30   10    3   36
31   10    12   27
32   10    5   72
33   10    8   5
34   10    2   72
35   10    7   5
36   10    5   36
37   10    2   5
38   10    7   72
39   10    10   72
40   10    3   36
41   10    7   5
42   10    15   72
43   10    5   7
44   10    9   5
45   10    6   72
46   10    3   27
47   10    3   72
48   10    4   36
49   10    3   72
0   10    2   5
1   10    17   27
2   10    5   27
3   10    5   5
4   10    3   7
5   10    7   72
6   10    3   27
7   10    5   36
8   10    10   5
9   10    4   7
10   10    2   7
11   10    4   27
12   10    7   72
13   10    8   36
14   10    2   7
15   10    3   27
16   10    3   27
17   10    10   5
18   10    2   5
19   10    7   36
20   10    2   36
21   10    18   72
22   10    2   7
23   10    6   5
24   10    2   72
25   10    3   27
26   10    3   72
27   10    11   5
28   10    2   7
29   10    2   27
30   10    3   36
31   10    12   27
32   10    5   72
33   10    8   5
34   10    2   72
35   10    7   5
36   10    5   36
37   10    2   5
38   10    7   72
39   10    10   72
40   10    3   36
41   10    7   5
42   10    15   72
43   10    5   7
44   10    9   5
45   10    6   72
46   10    3   27
47   10    3   72
48   10    4   36
49   10    3   72
0   10    2   75
1   10    2   93
2   10    9   47
3   10    6   23
4   10    5   47
5   10    2   98
6   10    3   47
7   10    2   47
8   10    5   23
9   10    10   47
10   10    3   75
11   10    4   47
12   10    5   23
13   10    5   98
14   10    6   23
15   10    3   23
16   10    2   75
17   10    6   93
18   10    5   47
19   10    3   23
20   10    2   23
21   10    4   98
22   10    2   75
23   10    10   75
24   10    3   98
25   10    3   23
26   10    8   93
27   10    8   75
28   10    10   75
29   10    12   47
30   10    7   47
31   10    2   23
32   10    2   47
33   10    2   75
34   10    4   47
35   10    3   23
36   10    7   47
37   10    6   93
38   10    2   75
39   10    7   75
40   10    7   47
41   10    4   23
42   10    3   23
43   10    6   98
44   10    5   47
45   10    2   23
46   10    2   75
47   10    3   23
48   10    5   93
49   10    4   47
0   10    2   75
1   10    2   93
2   10    9   47
3   10    6   23
4   10    5   47
5   10    2   98
6   10    3   47
7   10    2   47
8   10    5   23
9   10    10   47
10   10    3   75
11   10    4   47
12   10    5   23
13   10    5   98
14   10    6   23
15   10    3   23
16   10    2   75
17   10    6   93
18   10    5   47
19   10    3   23
20   10    2   23
21   10    4   98
22   10    2   75
23   10    10   75
24   10    3   98
25   10    3   23
26   10    8   93
27   10    8   75
28   10    10   75
29   10    12   47
30   10    7   47
31   10    2   23
32   10    2   47
33   10    2   75
34   10    4   47
35   10    3   23
36   10    7   47
37   10    6   93
38   10    2   75
39   10    7   75
40   10    7   47
41   10    4   23
42   10    3   23
43   10    6   98
44   10    5   47
45   10    2   23
46   10    2   75
47   10    3   23
48   10    5   93
49   10    4   47
0   10    2   21
1   10    2   95
2   10    3   67
3   10    5   67
4   10    14   31
5   10    2   95
6   10    7   67
7   10    2   31
8   10    6   31
9   10    8   67
10   10    2   9
11   10    3   95
12   10    11   95
13   10    2   21
14   10    5   21
15   10    6   21
16   10    2   31
17   10    21   67
18   10    8   67
19   10    3   67
20   10    2   67
21   10    6   67
22   10    9   31
23   10    4   21
24   10    2   21
25   10    5   31
26   10    2   67
27   10    3   9
28   10    4   31
29   10    6   95
30   10    11   95
31   10    9   31
32   10    2   9
33   10    3   21
34   10    4   21
35   10    2   67
36   10    2   67
37   10    3   67
38   10    5   95
39   10    3   67
40   10    3   95
41   10    3   9
42   10    6   95
43   10    5   21
44   10    6   95
45   10    6   95
46   10    6   9
47   10    3   21
48   10    3   95
49   10    5   21
0   10    7   97
1   10    2   19
2   10    2   19
3   10    3   47
4   10    4   97
5   10    9   86
6   10    4   47
7   10    4   86
8   10    6   47
9   10    3   61
10   10    8   97
11   10    6   86
12   10    5   47
13   10    2   47
14   10    3   97
15   10    16   97
16   10    12   19
17   10    3   86
18   10    11   47
19   10    2   47
20   10    3   61
21   10    10   97
22   10    3   97
23   10    3   47
24   10    2   61
25   10    4   47
26   10    6   97
27   10    12   97
28   10    5   97
29   10    5   86
30   10    3   61
31   10    4   19
32   10    15   47
33   10    3   47
34   10    2   86
35   10    2   86
36   10    4   61
37   10    2   97
38   10    4   61
39   10    2   86
40   10    6   19
41   10    3   86
42   10    3   47
43   10    2   47
44   10    6   47
45   10    9   47
46   10    3   86
47   10    6   97
48   10    4   86
49   10    20   97
0   10    7   97
1   10    2   19
2   10    2   19
3   10    3   47
4   10    4   97
5   10    9   86
6   10    4   47
7   10    4   86
8   10    6   47
9   10    3   61
10   10    8   97
11   10    6   86
12   10    5   47
13   10    2   47
14   10    3   97
15   10    16   97
16   10    12   19
17   10    3   86
18   10    11   47
19   10    2   47
20   10    3   61
21   10    10   97
22   10    3   97
23   10    3   47
24   10    2   61
25   10    4   47
26   10    6   97
27   10    12   97
28   10    5   97
29   10    5   86
30   10    3   61
31   10    4   19
32   10    15   47
33   10    3   47
34   10    2   86
35   10    2   86
36   10    4   61
37   10    2   97
38   10    4   61
39   10    2   86
40   10    6   19
41   10    3   86
42   10    3   47
43   10    2   47
44   10    6   47
45   10    9   47
46   10    3   86
47   10    6   97
48   10    4   86
49   10    20   97
0   10    2   75
1   10    8   88
2   10    3   88
3   10    2   11
4   10    3   88
5   10    14   88
6   10    2   75
7   10    16   88
8   10    2   31
9   10    4   75
10   10    4   38
11   10    2   11
12   10    6   88
13   10    2   88
14   10    2   75
15   10    7   75
16   10    4   88
17   10    23   31
18   10    5   75
19   10    19   88
20   10    2   88
21   10    9   88
22   10    2   38
23   10    6   38
24   10    14   31
25   10    20   88
26   10    5   11
27   10    7   31
28   10    2   75
29   10    5   88
30   10    9   31
31   10    9   88
32   10    4   88
33   10    10   31
34   10    2   75
35   10    16   88
36   10    6   88
37   10    3   38
38   10    2   31
39   10    8   88
40   10    14   11
41   10    9   88
42   10    2   75
43   10    3   75
44   10    2   75
45   10    4   31
46   10    4   88
47   10    2   11
48   10    5   38
49   10    5   11
0   10    2   75
1   10    8   88
2   10    3   88
3   10    2   11
4   10    3   88
5   10    14   88
6   10    2   75
7   10    16   88
8   10    2   31
9   10    4   75
10   10    4   38
11   10    2   11
12   10    6   88
13   10    2   88
14   10    2   75
15   10    7   75
16   10    4   88
17   10    23   31
18   10    5   75
19   10    19   88
20   10    2   88
21   10    9   88
22   10    2   38
23   10    6   38
24   10    14   31
25   10    20   88
26   10    5   11
27   10    7   31
28   10    2   75
29   10    5   88
30   10    9   31
31   10    9   88
32   10    4   88
33   10    10   31
34   10    2   75
35   10    16   88
36   10    6   88
37   10    3   38
38   10    2   31
39   10    8   88
40   10    14   11
41   10    9   88
42   10    2   75
43   10    3   75
44   10    2   75
45   10    4   31
46   10    4   88
47   10    2   11
48   10    5   38
49   10    5   11
0   10    3   23
1   10    8   12
2   10    2   23
3   10    2   72
4   10    12   72
5   10    3   49
6   10    2   1
7   10    5   23
8   10    3   49
9   10    2   49
10   10    5   49
11   10    2   23
12   10    4   23
13   10    2   12
14   10    13   12
15   10    4   49
16   10    2   1
17   10    2   49
18   10    14   49
19   10    11   72
20   10    2   49
21   10    8   1
22   10    2   12
23   10    8   72
24   10    3   49
25   10    8   23
26   10    2   1
27   10    3   23
28   10    3   49
29   10    2   1
30   10    7   72
31   10    3   1
32   10    2   49
33   10    2   49
34   10    6   12
35   10    2   12
36   10    12   72
37   10    2   1
38   10    10   23
39   10    2   49
40   10    5   72
41   10    2   72
42   10    6   23
43   10    4   49
44   10    3   72
45   10    22   12
46   10    2   49
47   10    7   72
48   10    2   1
49   10    2   49
0   10    3   23
1   10    8   12
2   10    2   23
3   10    2   72
4   10    12   72
5   10    3   49
6   10    2   1
7   10    5   23
8   10    3   49
9   10    2   49
10   10    5   49
11   10    2   23
12   10    4   23
13   10    2   12
14   10    13   12
15   10    4   49
16   10    2   1
17   10    2   49
18   10    14   49
19   10    11   72
20   10    2   49
21   10    8   1
22   10    2   12
23   10    8   72
24   10    3   49
25   10    8   23
26   10    2   1
27   10    3   23
28   10    3   49
29   10    2   1
30   10    7   72
31   10    3   1
32   10    2   49
33   10    2   49
34   10    6   12
35   10    2   12
36   10    12   72
37   10    2   1
38   10    10   23
39   10    2   49
40   10    5   72
41   10    2   72
42   10    6   23
43   10    4   49
44   10    3   72
45   10    22   12
46   10    2   49
47   10    7   72
48   10    2   1
49   10    2   49
0   10    18   83
1   10    4   55
2   10    7   83
3   10    2   17
4   10    2   83
5   10    8   50
6   10    2   55
7   10    2   55
8   10    8   50
9   10    5   83
10   10    10   83
11   10    2   55
12   10    2   50
13   10    2   59
14   10    4   83
15   10    2   83
16   10    3   59
17   10    3   83
18   10    11   50
19   10    6   83
20   10    2   50
21   10    2   17
22   10    5   50
23   10    2   50
24   10    6   83
25   10    14   59
26   10    4   50
27   10    2   55
28   10    14   50
29   10    5   50
30   10    2   55
31   10    3   50
32   10    10   83
33   10    9   83
34   10    2   83
35   10    2   55
36   10    2   55
37   10    2   59
38   10    9   50
39   10    10   50
40   10    7   50
41   10    2   17
42   10    4   83
43   10    4   83
44   10    3   59
45   10    4   59
46   10    3   59
47   10    2   17
48   10    9   83
49   10    3   50
0   10    18   83
1   10    4   55
2   10    7   83
3   10    2   17
4   10    2   83
5   10    8   50
6   10    2   55
7   10    2   55
8   10    8   50
9   10    5   83
10   10    10   83
11   10    2   55
12   10    2   50
13   10    2   59
14   10    4   83
15   10    2   83
16   10    3   59
17   10    3   83
18   10    11   50
19   10    6   83
20   10    2   50
21   10    2   17
22   10    5   50
23   10    2   50
24   10    6   83
25   10    14   59
26   10    4   50
27   10    2   55
28   10    14   50
29   10    5   50
30   10    2   55
31   10    3   50
32   10    10   83
33   10    9   83
34   10    2   83
35   10    2   55
36   10    2   55
37   10    2   59
38   10    9   50
39   10    10   50
40   10    7   50
41   10    2   17
42   10    4   83
43   10    4   83
44   10    3   59
45   10    4   59
46   10    3   59
47   10    2   17
48   10    9   83
49   10    3   50
0   10    4   56
1   10    2   21
2   10    2   56
3   10    2   56
4   10    5   71
5   10    2   71
6   10    5   85
7   10    2   68
8   10    8   56
9   10    10   85
10   10    3   71
11   10    2   68
12   10    11   56
13   10    4   56
14   10    3   56
15   10    6   21
16   10    5   56
17   10    7   68
18   10    2   56
19   10    4   56
20   10    2   68
21   10    2   21
22   10    2   21
23   10    3   21
24   10    2   68
25   10    7   56
26   10    3   21
27   10    6   68
28   10    3   21
29   10    2   21
30   10    3   56
31   10    4   56
32   10    9   21
33   10    6   56
34   10    6   56
35   10    4   85
36   10    2   71
37   10    2   56
38   10    7   85
39   10    2   71
40   10    4   71
41   10    3   56
42   10    2   56
43   10    2   71
44   10    4   56
45   10    2   21
46   10    3   85
47   10    7   68
48   10    7   85
49   10    2   71
0   10    4   56
1   10    2   21
2   10    2   56
3   10    2   56
4   10    5   71
5   10    2   71
6   10    5   85
7   10    2   68
8   10    8   56
9   10    10   85
10   10    3   71
11   10    2   68
12   10    11   56
13   10    4   56
14   10    3   56
15   10    6   21
16   10    5   56
17   10    7   68
18   10    2   56
19   10    4   56
20   10    2   68
21   10    2   21
22   10    2   21
23   10    3   21
24   10    2   68
25   10    7   56
26   10    3   21
27   10    6   68
28   10    3   21
29   10    2   21
30   10    3   56
31   10    4   56
32   10    9   21
33   10    6   56
34   10    6   56
35   10    4   85
36   10    2   71
37   10    2   56
38   10    7   85
39   10    2   71
40   10    4   71
41   10    3   56
42   10    2   56
43   10    2   71
44   10    4   56
45   10    2   21
46   10    3   85
47   10    7   68
48   10    7   85
49   10    2   71
0   10    4   56
1   10    2   21
2   10    2   56
3   10    2   56
4   10    5   71
5   10    2   71
6   10    5   85
7   10    2   68
8   10    8   56
9   10    10   85
10   10    3   71
11   10    2   68
12   10    11   56
13   10    4   56
14   10    3   56
15   10    6   21
16   10    5   56
17   10    7   68
18   10    2   56
19   10    4   56
20   10    2   68
21   10    2   21
22   10    2   21
23   10    3   21
24   10    2   68
25   10    7   56
26   10    3   21
27   10    6   68
28   10    3   21
29   10    2   21
30   10    3   56
31   10    4   56
32   10    9   21
33   10    6   56
34   10    6   56
35   10    4   85
36   10    2   71
37   10    2   56
38   10    7   85
39   10    2   71
40   10    4   71
41   10    3   56
42   10    2   56
43   10    2   71
44   10    4   56
45   10    2   21
46   10    3   85
47   10    7   68
48   10    7   85
49   10    2   71
0   10    3   55
1   10    2   8
2   10    12   90
3   10    19   90
4   10    2   76
5   10    3   90
6   10    17   8
7   10    3   55
8   10    2   76
9   10    2   90
10   10    9   8
11   10    8   76
12   10    3   13
13   10    2   8
14   10    2   76
15   10    7   90
16   10    12   8
17   10    28   90
18   10    6   8
19   10    2   76
20   10    16   90
21   10    5   76
22   10    7   76
23   10    13   8
24   10    4   55
25   10    4   8
26   10    2   55
27   10    2   55
28   10    4   55
29   10    4   13
30   10    13   8
31   10    3   90
32   10    9   90
33   10    6   8
34   10    2   13
35   10    4   13
36   10    4   76
37   10    6   55
38   10    19   13
39   10    4   55
40   10    10   76
41   10    5   90
42   10    6   76
43   10    3   90
44   10    2   13
45   10    8   8
46   10    10   8
47   10    3   55
48   10    14   8
49   10    4   90
0   10    3   55
1   10    2   8
2   10    12   90
3   10    19   90
4   10    2   76
5   10    3   90
6   10    17   8
7   10    3   55
8   10    2   76
9   10    2   90
10   10    9   8
11   10    8   76
12   10    3   13
13   10    2   8
14   10    2   76
15   10    7   90
16   10    12   8
17   10    28   90
18   10    6   8
19   10    2   76
20   10    16   90
21   10    5   76
22   10    7   76
23   10    13   8
24   10    4   55
25   10    4   8
26   10    2   55
27   10    2   55
28   10    4   55
29   10    4   13
30   10    13   8
31   10    3   90
32   10    9   90
33   10    6   8
34   10    2   13
35   10    4   13
36   10    4   76
37   10    6   55
38   10    19   13
39   10    4   55
40   10    10   76
41   10    5   90
42   10    6   76
43   10    3   90
44   10    2   13
45   10    8   8
46   10    10   8
47   10    3   55
48   10    14   8
49   10    4   90
0   10    10   41
1   10    13   41
2   10    12   34
3   10    6   30
4   10    7   95
5   10    2   31
6   10    18   41
7   10    2   34
8   10    2   95
9   10    3   34
10   10    7   41
11   10    5   95
12   10    4   41
13   10    2   30
14   10    3   41
15   10    2   95
16   10    5   31
17   10    7   41
18   10    3   30
19   10    6   30
20   10    11   41
21   10    4   34
22   10    4   30
23   10    3   41
24   10    4   41
25   10    2   41
26   10    10   30
27   10    4   95
28   10    5   41
29   10    3   31
30   10    19   34
31   10    2   41
32   10    5   30
33   10    2   41
34   10    2   31
35   10    3   31
36   10    4   34
37   10    2   41
38   10    5   95
39   10    9   41
40   10    8   30
41   10    4   41
42   10    7   95
43   10    2   41
44   10    7   95
45   10    2   41
46   10    4   31
47   10    2   34
48   10    2   30
49   10    4   34
0   10    10   41
1   10    13   41
2   10    12   34
3   10    6   30
4   10    7   95
5   10    2   31
6   10    18   41
7   10    2   34
8   10    2   95
9   10    3   34
10   10    7   41
11   10    5   95
12   10    4   41
13   10    2   30
14   10    3   41
15   10    2   95
16   10    5   31
17   10    7   41
18   10    3   30
19   10    6   30
20   10    11   41
21   10    4   34
22   10    4   30
23   10    3   41
24   10    4   41
25   10    2   41
26   10    10   30
27   10    4   95
28   10    5   41
29   10    3   31
30   10    19   34
31   10    2   41
32   10    5   30
33   10    2   41
34   10    2   31
35   10    3   31
36   10    4   34
37   10    2   41
38   10    5   95
39   10    9   41
40   10    8   30
41   10    4   41
42   10    7   95
43   10    2   41
44   10    7   95
45   10    2   41
46   10    4   31
47   10    2   34
48   10    2   30
49   10    4   34
0   10    2   61
1   10    5   76
2   10    5   87
3   10    2   18
4   10    3   76
5   10    3   87
6   10    8   21
7   10    2   61
8   10    7   76
9   10    7   21
10   10    3   87
11   10    2   76
12   10    5   76
13   10    2   21
14   10    3   87
15   10    15   76
16   10    2   21
17   10    11   87
18   10    2   61
19   10    2   18
20   10    6   87
21   10    7   76
22   10    6   76
23   10    5   61
24   10    6   76
25   10    12   18
26   10    4   76
27   10    2   61
28   10    3   87
29   10    2   87
30   10    11   76
31   10    5   21
32   10    4   87
33   10    4   76
34   10    17   76
35   10    2   76
36   10    2   18
37   10    2   61
38   10    5   76
39   10    3   76
40   10    4   21
41   10    3   87
42   10    2   61
43   10    2   21
44   10    4   76
45   10    3   18
46   10    3   18
47   10    2   61
48   10    8   21
49   10    2   21
0   10    2   61
1   10    5   76
2   10    5   87
3   10    2   18
4   10    3   76
5   10    3   87
6   10    8   21
7   10    2   61
8   10    7   76
9   10    7   21
10   10    3   87
11   10    2   76
12   10    5   76
13   10    2   21
14   10    3   87
15   10    15   76
16   10    2   21
17   10    11   87
18   10    2   61
19   10    2   18
20   10    6   87
21   10    7   76
22   10    6   76
23   10    5   61
24   10    6   76
25   10    12   18
26   10    4   76
27   10    2   61
28   10    3   87
29   10    2   87
30   10    11   76
31   10    5   21
32   10    4   87
33   10    4   76
34   10    17   76
35   10    2   76
36   10    2   18
37   10    2   61
38   10    5   76
39   10    3   76
40   10    4   21
41   10    3   87
42   10    2   61
43   10    2   21
44   10    4   76
45   10    3   18
46   10    3   18
47   10    2   61
48   10    8   21
49   10    2   21
0   10    7   76
1   10    4   76
2   10    5   87
3   10    4   87
4   10    3   87
5   10    7   21
6   10    2   18
7   10    4   87
8   10    4   76
9   10    2   87
10   10    10   21
11   10    10   76
12   10    3   76
13   10    10   61
14   10    6   87
15   10    8   61
16   10    7   87
17   10    3   87
18   10    10   61
19   10    2   18
20   10    6   21
21   10    2   76
22   10    4   21
23   10    10   76
24   10    5   76
25   10    2   76
26   10    7   76
27   10    10   76
28   10    7   87
29   10    8   76
30   10    2   76
31   10    4   18
32   10    5   76
33   10    8   76
34   10    3   87
35   10    12   87
36   10    6   61
37   10    5   87
38   10    3   87
39   10    2   21
40   10    8   87
41   10    6   87
42   10    3   87
43   10    2   76
44   10    2   76
45   10    8   76
46   10    10   18
47   10    3   61
48   10    5   61
49   10    6   87
